1 40291512
2 4442356
3 836960
4 300645
5 103760
6 47408
7 21372
8 11637
9 7367
10 4818
11 3524
12 2307
13 1898
14 1424
15 1260
16 906
17 743
18 669
19 532
20 504
21 436
22 392
23 356
24 256
25 265
26 258
27 229
28 235
29 218
30 182
31 162
32 159
33 161
34 121
35 109
36 127
37 96
38 93
39 109
40 99
41 80
42 61
43 63
44 59
45 55
46 51
47 52
48 72
49 53
50 76
51 63
52 96
53 42
54 49
55 56
56 63
57 42
58 40
59 57
60 52
61 54
62 33
63 36
64 49
65 42
66 55
67 66
68 51
69 60
70 60
71 71
72 99
73 66
74 51
75 63
76 52
77 46
78 32
79 42
80 46
81 57
82 65
83 90
84 100
85 100
86 75
87 85
88 74
89 97
90 113
91 110
92 101
93 121
94 84
95 104
96 119
97 113
98 98
99 120
100 112
101 120
102 119
103 108
104 125
105 146
106 124
107 115
108 117
109 137
110 156
111 161
112 142
113 156
114 163
115 180
116 226
117 252
118 284
119 236
120 265
121 272
122 314
123 373
124 387
125 435
126 482
127 544
128 514
129 604
130 622
131 704
132 835
133 925
134 1035
135 1243
136 1294
137 1391
138 1579
139 1733
140 1951
141 2210
142 2549
143 2826
144 3371
145 3649
146 4075
147 4379
148 4803
149 5425
150 5983
151 6862
152 7560
153 8472
154 9475
155 10077
156 11218
157 12188
158 13108
159 14099
160 15446
161 16613
162 17598
163 19349
164 20496
165 21923
166 23127
167 24645
168 25673
169 27316
170 29468
171 31156
172 33075
173 34376
174 35597
175 37762
176 38585
177 40092
178 41265
179 42725
180 44584
181 46067
182 47977
183 48970
184 50583
185 50710
186 52602
187 53322
188 54752
189 55953
190 57390
191 58372
192 59069
193 59850
194 60918
195 61438
196 62814
197 63225
198 63699
199 65057
200 65763
201 65848
202 65604
203 65831
204 66033
205 66234
206 67304
207 66847
208 66688
209 67333
210 67160
211 66627
212 66464
213 65573
214 65860
215 65196
216 65289
217 64009
218 63985
219 63565
220 62980
221 61732
222 61217
223 60544
224 59983
225 58380
226 57082
227 56096
228 54691
229 53423
230 51709
231 50739
232 49020
233 47971
234 46943
235 45622
236 43928
237 42813
238 41819
239 40183
240 38766
241 37532
242 36299
243 34936
244 33359
245 31989
246 30823
247 29546
248 28137
249 26848
250 25702
251 24530
252 23421
253 21982
254 20954
255 20195
256 18938
257 17876
258 16951
259 15980
260 14938
261 14041
262 13052
263 12237
264 11663
265 10757
266 10178
267 9323
268 8815
269 8122
270 7430
271 7247
272 6647
273 6281
274 5832
275 5468
276 5048
277 4776
278 4375
279 4086
280 3739
281 3542
282 3260
283 3048
284 2698
285 2555
286 2333
287 2202
288 2142
289 2007
290 1717
291 1716
292 1612
293 1463
294 1367
295 1241
296 1224
297 1087
298 965
299 970
300 917
301 823
302 780
303 730
304 719
305 660
306 588
307 590
308 561
309 556
310 561
311 568
312 588
313 524
314 562
315 550
316 501
317 526
318 476
319 491
320 484
321 536
322 507
323 492
324 525
325 551
326 619
327 578
328 583
329 579
330 596
331 603
332 601
333 634
334 669
335 651
336 607
337 684
338 711
339 745
340 767
341 778
342 841
343 899
344 988
345 1054
346 1036
347 1067
348 1081
349 1087
350 1127
351 1140
352 1079
353 1165
354 1082
355 1165
356 1155
357 1174
358 1161
359 1127
360 1150
361 1208
362 1307
363 1357
364 1377
365 1414
366 1460
367 1407
368 1467
369 1477
370 1454
371 1491
372 1524
373 1619
374 1504
375 1627
376 1645
377 1722
378 1637
379 1681
380 1645
381 1620
382 1770
383 1683
384 1743
385 1725
386 1800
387 1732
388 1733
389 1683
390 1723
391 1847
392 1839
393 1806
394 1813
395 1886
396 1854
397 1825
398 1863
399 1915
400 1857
401 1804
402 1826
403 1782
404 1756
405 1705
406 1707
407 1696
408 1733
409 1728
410 1634
411 1665
412 1647
413 1542
414 1679
415 1629
416 1600
417 1579
418 1550
419 1546
420 1515
421 1524
422 1394
423 1343
424 1336
425 1348
426 1333
427 1390
428 1363
429 1321
430 1252
431 1252
432 1182
433 1136
434 1096
435 1125
436 1070
437 1014
438 936
439 925
440 896
441 813
442 802
443 766
444 776
445 734
446 659
447 626
448 528
449 556
450 516
451 474
452 516
453 520
454 475
455 418
456 440
457 377
458 405
459 448
460 453
461 378
462 358
463 339
464 369
465 346
466 315
467 296
468 304
469 282
470 251
471 278
472 261
473 238
474 230
475 246
476 219
477 203
478 228
479 217
480 208
481 176
482 154
483 141
484 165
485 141
486 139
487 152
488 124
489 114
490 88
491 118
492 96
493 98
494 104
495 126
496 126
497 111
498 99
499 80
500 104
501 105
502 109
503 89
504 100
505 116
506 130
507 125
508 119
509 103
510 99
511 107
512 83
513 97
514 83
515 60
516 64
517 67
518 56
519 53
520 48
521 61
522 66
523 30
524 56
525 55
526 56
527 48
528 67
529 65
530 69
531 61
532 71
533 66
534 55
535 74
536 64
537 69
538 67
539 84
540 68
541 83
542 78
543 72
544 77
545 82
546 102
547 110
548 97
549 99
550 108
551 92
552 103
553 107
554 109
555 131
556 131
557 139
558 127
559 146
560 136
561 133
562 124
563 146
564 153
565 138
566 136
567 148
568 139
569 144
570 150
571 142
572 131
573 136
574 124
575 129
576 107
577 129
578 117
579 90
580 112
581 117
582 102
583 83
584 111
585 114
586 113
587 149
588 119
589 119
590 155
591 133
592 144
593 119
594 135
595 143
596 138
597 135
598 148
599 135
600 132
601 158
602 153
603 151
604 173
605 188
606 190
607 157
608 169
609 161
610 153
611 158
612 131
613 140
614 128
615 116
616 107
617 118
618 95
619 117
620 110
621 103
622 124
623 126
624 120
625 141
626 112
627 118
628 108
629 123
630 159
631 132
632 125
633 130
634 140
635 151
636 120
637 137
638 119
639 126
640 126
641 125
642 111
643 112
644 120
645 113
646 120
647 96
648 73
649 66
650 62
651 64
652 63
653 75
654 63
655 75
656 82
657 74
658 101
659 84
660 77
661 81
662 73
663 63
664 72
665 56
666 63
667 59
668 67
669 77
670 65
671 58
672 71
673 78
674 42
675 42
676 53
677 62
678 41
679 31
680 41
681 38
682 35
683 39
684 30
685 34
686 35
687 30
688 33
689 43
690 46
691 47
692 47
693 41
694 48
695 39
696 38
697 35
698 41
699 29
700 25
701 33
702 44
703 34
704 36
705 41
706 39
707 29
708 41
709 37
710 31
711 34
712 32
713 39
714 36
715 42
716 42
717 35
718 27
719 39
720 25
721 31
722 36
723 20
724 33
725 30
726 35
727 17
728 22
729 17
730 15
731 15
732 13
733 7
734 16
735 18
736 19
737 16
738 17
739 20
740 20
741 17
742 18
743 21
744 17
745 18
746 21
747 20
748 19
749 12
750 14
751 18
752 18
753 13
754 23
755 23
756 25
757 28
758 27
759 26
760 27
761 31
762 49
763 30
764 41
765 26
766 20
767 26
768 46
769 49
770 55
771 47
772 53
773 42
774 51
775 35
776 45
777 45
778 49
779 53
780 51
781 51
782 54
783 45
784 55
785 47
786 39
787 49
788 37
789 35
790 32
791 34
792 36
793 33
794 20
795 18
796 22
797 24
798 16
799 30
800 25
801 18
802 21
803 18
804 29
805 17
806 30
807 16
808 23
809 20
810 33
811 41
812 30
813 25
814 27
815 22
816 26
817 35
818 18
819 30
820 23
821 42
822 27
823 23
824 31
825 33
826 21
827 31
828 41
829 36
830 27
831 37
832 36
833 27
834 42
835 30
836 35
837 38
838 42
839 43
840 36
841 38
842 31
843 46
844 38
845 21
846 35
847 29
848 43
849 30
850 35
851 28
852 24
853 30
854 34
855 24
856 34
857 29
858 31
859 26
860 28
861 22
862 20
863 12
864 11
865 20
866 17
867 17
868 9
869 14
870 15
871 12
872 10
873 12
874 13
875 11
876 16
877 16
878 17
879 17
880 8
881 11
882 8
883 9
884 9
885 5
886 8
887 8
888 8
889 10
890 12
891 12
892 11
893 8
894 6
895 16
896 11
897 7
898 9
899 9
900 13
901 4
902 7
903 6
904 6
905 7
906 2
907 5
908 3
909 3
910 4
911 5
912 3
913 2
914 2
915 5
916 9
917 8
918 8
919 6
920 3
921 6
922 8
923 8
924 10
925 3
926 7
927 5
928 4
929 3
930 8
931 9
932 6
933 7
934 6
935 13
936 16
937 9
938 13
939 20
940 15
941 15
942 15
943 24
944 11
945 15
946 15
947 12
948 12
949 16
950 19
951 16
952 29
953 19
954 13
955 30
956 17
957 19
958 21
959 12
960 17
961 22
962 21
963 22
964 13
965 20
966 21
967 19
968 18
969 30
970 27
971 27
972 30
973 32
974 40
975 34
976 48
977 42
978 48
979 33
980 55
981 51
982 40
983 40
984 29
985 39
986 23
987 43
988 48
989 47
990 35
991 36
992 37
993 41
994 28
995 40
996 40
997 40
998 24
999 24
1000 34
1001 24
1002 24
1003 21
1004 32
1005 25
1006 31
1007 21
1008 21
1009 19
1010 20
1011 13
1012 20
1013 9
1014 12
1015 9
1016 17
1017 17
1018 18
1019 20
1020 21
1021 17
1022 20
1023 16
1024 33
1025 24
1026 23
1027 14
1028 16
1029 15
1030 24
1031 23
1032 15
1033 29
1034 28
1035 21
1036 19
1037 15
1038 17
1039 21
1040 19
1041 23
1042 17
1043 19
1044 17
1045 9
1046 8
1047 11
1048 16
1049 9
1050 8
1051 11
1052 5
1053 8
1054 4
1055 13
1056 7
1057 7
1058 12
1059 11
1060 2
1061 9
1062 8
1063 6
1064 8
1065 7
1066 7
1067 7
1068 3
1069 3
1070 1
1071 7
1072 2
1073 1
1074 4
1075 5
1076 5
1077 5
1078 2
1079 10
1080 4
1081 5
1082 8
1083 5
1084 2
1085 8
1086 8
1087 7
1088 3
1089 8
1090 7
1091 14
1092 10
1093 7
1094 12
1095 8
1096 6
1097 8
1098 11
1099 10
1100 8
1101 9
1102 18
1103 8
1104 16
1105 14
1106 10
1107 13
1108 20
1109 10
1110 16
1111 13
1112 4
1113 13
1114 6
1115 13
1116 8
1117 8
1118 3
1119 7
1120 11
1121 5
1122 4
1123 4
1124 10
1125 7
1126 8
1127 11
1128 10
1129 10
1130 6
1131 9
1132 5
1133 11
1134 5
1135 8
1136 8
1137 9
1138 11
1139 5
1140 3
1141 2
1142 3
1143 2
1144 1
1145 6
1146 2
1147 10
1148 7
1149 10
1150 2
1151 6
1152 7
1153 12
1154 2
1155 10
1156 3
1157 8
1158 14
1159 10
1160 10
1161 10
1162 13
1163 11
1164 11
1165 13
1166 12
1167 14
1168 18
1169 13
1170 10
1171 15
1172 5
1173 8
1174 11
1175 10
1176 7
1177 9
1178 8
1179 12
1180 9
1181 16
1182 11
1183 13
1184 12
1185 7
1186 12
1187 7
1188 10
1189 8
1190 7
1191 8
1192 8
1193 9
1194 10
1195 9
1196 7
1197 12
1198 11
1199 18
1200 11
1201 14
1202 12
1203 11
1204 12
1205 11
1206 9
1207 4
1208 4
1209 6
1210 9
1211 6
1212 6
1213 4
1214 6
1215 3
1216 5
1217 2
1218 4
1219 7
1220 1
1221 1
1222 2
1224 1
1225 5
1226 2
1227 4
1228 1
1229 3
1230 7
1231 5
1232 5
1233 1
1234 8
1235 9
1236 8
1237 4
1238 3
1239 5
1240 7
1241 4
1242 4
1243 5
1244 6
1245 5
1246 4
1247 6
1248 5
1249 3
1250 10
1251 4
1252 9
1253 7
1254 5
1255 12
1256 10
1257 6
1258 14
1259 8
1260 10
1261 14
1262 8
1263 8
1264 10
1265 4
1266 10
1267 8
1268 4
1269 8
1270 5
1271 3
1272 8
1273 8
1274 13
1275 8
1276 10
1277 11
1278 6
1279 12
1280 7
1281 8
1282 6
1283 9
1284 16
1285 13
1286 11
1287 21
1288 14
1289 10
1290 16
1291 14
1292 10
1293 14
1294 8
1295 13
1296 7
1297 12
1298 5
1299 10
1300 17
1301 14
1302 15
1303 17
1304 16
1305 16
1306 18
1307 19
1308 19
1309 23
1310 20
1311 20
1312 16
1313 23
1314 16
1315 19
1316 20
1317 13
1318 21
1319 9
1320 13
1321 10
1322 5
1323 12
1324 12
1325 12
1326 9
1327 7
1328 9
1329 9
1330 7
1331 3
1332 8
1333 7
1334 9
1335 8
1336 9
1337 7
1338 7
1339 13
1340 5
1341 8
1342 11
1343 9
1344 11
1345 13
1346 12
1347 4
1348 13
1349 10
1350 16
1351 14
1352 9
1353 16
1354 10
1355 9
1356 13
1357 10
1358 8
1359 14
1360 11
1361 12
1362 11
1363 6
1364 9
1365 7
1366 5
1367 7
1368 9
1369 6
1370 8
1371 9
1372 7
1373 5
1374 7
1375 7
1376 6
1377 5
1378 4
1379 3
1380 4
1381 4
1382 6
1383 9
1384 8
1385 3
1387 5
1388 3
1389 10
1390 6
1391 6
1392 11
1393 6
1394 11
1395 3
1396 12
1397 10
1398 10
1399 11
1400 14
1401 10
1402 7
1403 7
1404 6
1405 8
1406 10
1407 9
1408 12
1409 7
1410 8
1411 9
1412 12
1413 11
1414 8
1415 11
1416 9
1417 12
1418 13
1419 13
1420 11
1421 16
1422 8
1423 11
1424 16
1425 14
1426 13
1427 17
1428 10
1429 17
1430 13
1431 6
1432 10
1433 15
1434 12
1435 18
1436 10
1437 13
1438 17
1439 13
1440 17
1441 25
1442 10
1443 13
1444 13
1445 15
1446 16
1447 38
1448 26
1449 29
1450 24
1451 27
1452 29
1453 23
1454 33
1455 23
1456 36
1457 28
1458 25
1459 22
1460 29
1461 23
1462 22
1463 19
1464 21
1465 28
1466 23
1467 29
1468 28
1469 30
1470 27
1471 27
1472 23
1473 25
1474 30
1475 30
1476 21
1477 31
1478 26
1479 25
1480 25
1481 19
1482 29
1483 35
1484 20
1485 24
1486 30
1487 26
1488 31
1489 32
1490 27
1491 32
1492 28
1493 30
1494 35
1495 24
1496 32
1497 37
1498 29
1499 30
1500 33
1501 19
1502 28
1503 27
1504 24
1505 28
1506 29
1507 25
1508 28
1509 22
1510 21
1511 28
1512 24
1513 29
1514 39
1515 20
1516 27
1517 29
1518 30
1519 26
1520 22
1521 20
1522 22
1523 24
1524 17
1525 25
1526 31
1527 29
1528 19
1529 23
1530 33
1531 28
1532 27
1533 30
1534 27
1535 25
1536 23
1537 27
1538 20
1539 21
1540 29
1541 16
1542 18
1543 14
1544 30
1545 15
1546 10
1547 12
1548 13
1549 20
1550 15
1551 10
1552 20
1553 8
1554 15
1555 17
1556 20
1557 14
1558 13
1559 14
1560 13
1561 14
1562 13
1563 12
1564 7
1565 7
1566 14
1567 11
1568 18
1569 20
1570 20
1571 19
1572 15
1573 12
1574 11
1575 13
1576 14
1577 6
1578 9
1579 15
1580 10
1581 6
1582 8
1583 8
1584 16
1585 8
1586 7
1587 12
1588 5
1589 10
1590 4
1591 4
1592 10
1593 3
1594 4
1595 5
1596 3
1597 9
1598 9
1599 14
1600 10
1601 9
1602 8
1603 6
1604 10
1605 5
1606 6
1607 2
1608 2
1609 6
1610 5
1611 4
1612 7
1613 3
1614 6
1615 2
1616 4
1617 2
1618 4
1619 4
1620 2
1621 4
1622 4
1623 1
1624 2
1625 1
1628 5
1629 2
1630 6
1631 4
1632 1
1633 4
1635 2
1636 5
1637 2
1638 3
1639 4
1640 2
1641 2
1642 3
1643 4
1644 4
1645 2
1646 2
1647 3
1648 4
1649 3
1650 2
1651 3
1652 7
1653 2
1654 3
1655 2
1656 4
1657 6
1658 3
1660 5
1661 1
1662 3
1664 3
1665 1
1666 3
1667 1
1670 1
1677 1
1678 1
1681 2
1682 1
1683 4
1684 1
1685 1
1687 1
1688 1
1690 1
1692 1
1693 1
1694 2
1696 3
1698 2
1700 2
1701 1
1705 1
1725 1
1727 1
1730 2
1732 1
1734 1
1752 1
1755 1
1756 1
1763 1
1764 1
1765 4
1766 2
1767 2
1768 1
1769 3
1771 3
1772 1
1773 1
1774 2
1775 4
1776 1
1777 3
1778 2
1780 1
1783 2
1786 1
1788 1
1789 1
1791 1
1794 1
1795 1
1797 1
1801 1
1802 1
1803 1
1804 1
1805 1
1807 1
1808 6
1810 1
1813 2
1814 3
1815 1
1816 1
1817 1
1818 1
1819 1
1820 1
1821 2
1822 1
1826 1
1845 1
1854 1
1864 1
1866 2
1873 1
1876 1
1931 1
1933 1
1937 1
1943 1
1948 1
1949 1
1951 3
1952 1
1953 1
1956 1
1957 2
1970 1
1976 1
1983 1
1984 1
1992 1
2002 1
2003 1
2008 1
2036 1
2040 1
2056 1
2063 1
2073 1
2075 1
2079 2
2097 1
2124 1
2134 1
2161 1
2188 1
2197 1
2206 1
2235 1
2245 1
2252 1
2261 1
2265 2
2270 1
2283 1
2286 1
2291 1
2297 1
2337 1
2344 1
2400 1
2448 1
2488 1
2500 1
2589 1
2639 1
2811 1
2880 1
2887 1
2891 1
2892 1
3038 1
3043 1
3054 1
3081 1
3195 1
3207 1
3240 1
3245 1
3260 1
3312 1
3463 1
3468 1
3526 1
3636 1
3665 1
3667 1
3670 1
3679 1
3681 1
3682 1
3687 1
3688 1
3689 1
3693 2
3694 2
3695 2
3696 2
3698 1
3699 2
3700 1
3701 2
3705 2
3713 1
3714 1
3725 1
3727 2
3740 1
3741 1
3744 1
3745 1
3747 1
3751 1
3754 1
3756 1
3757 2
3758 1
3760 1
3762 1
3766 1
3781 1
3800 1
3847 1
3861 1
4003 1
4012 1
4019 1
4020 1
4041 1
4094 1
4100 1
4103 1
4105 1
4106 1
4107 1
4109 1
4112 2
4116 1
4125 1
4126 1
4132 1
4134 1
4137 1
4141 1
4143 1
4145 1
4149 1
4151 1
4152 1
4154 2
4155 1
4156 1
4158 4
4159 4
4161 1
4162 3
4163 2
4165 1
4166 1
4168 1
4170 1
4171 1
4172 2
4173 1
4177 1
4181 1
4184 1
4185 1
4192 1
4193 1
4195 1
4199 1
4200 1
4203 1
4205 1
4206 1
4223 1
4226 1
4229 1
4231 1
4236 1
4241 3
4246 1
4248 1
4250 1
4252 1
4257 1
4258 1
4259 1
4260 1
4261 1
4262 2
4263 1
4264 1
4265 1
4269 1
4270 1
4271 2
4273 1
4275 1
4276 1
4279 1
4280 3
4281 2
4283 1
4286 1
4288 3
4291 2
4292 2
4293 3
4294 1
4295 6
4296 5
4297 2
4298 1
4299 3
4300 4
4301 3
4302 4
4303 4
4304 1
4305 1
4306 1
4307 3
4309 3
4310 1
4311 1
4312 3
4313 4
4314 1
4315 1
4316 3
4317 2
4318 1
4319 2
4320 3
4321 4
4322 1
4323 2
4324 2
4325 2
4326 2
4327 2
4328 2
4329 5
4330 4
4331 4
4332 3
4333 2
4334 1
4335 2
4336 1
4339 1
4340 2
4341 3
4342 3
4343 4
4344 3
4345 1
4346 2
4348 2
4349 5
4350 6
4351 4
4352 4
4353 1
4354 1
4355 2
4356 3
4357 1
4358 2
4359 6
4361 1
4362 1
4363 3
4364 1
4366 3
4368 3
4369 2
4370 1
4371 1
4372 1
4373 2
4374 3
4375 2
4376 2
4377 1
4378 4
4379 1
4380 1
4382 1
4383 1
4384 1
4386 1
4387 2
4388 5
4391 4
4392 2
4393 1
4395 1
4396 2
4397 1
4398 2
4400 1
4401 2
4407 1
4409 1
4411 1
4412 1
4414 1
4416 1
4421 1
4422 1
4423 2
4425 2
4428 1
4429 1
4431 3
4432 3
4433 3
4434 4
4435 2
4436 2
4438 1
4439 1
4440 5
4441 2
4442 1
4443 2
4444 2
4445 1
4446 2
4447 3
4448 4
4449 1
4450 2
4451 4
4452 3
4453 2
4454 6
4455 6
4456 5
4458 4
4460 1
4461 5
4463 1
4464 1
4467 1
4471 2
4472 2
4473 2
4474 2
4476 1
4477 1
4478 3
4479 1
4481 3
4482 1
4483 2
4484 2
4485 1
4487 4
4490 1
4492 2
4494 3
4495 2
4496 1
4501 2
4502 1
4503 1
4504 1
4505 1
4510 1
4517 1
4519 1
4520 1
4521 1
4522 1
4524 1
4526 1
4529 1
4531 2
4532 2
4537 1
4540 1
4545 2
4547 1
4550 1
4554 1
4558 1
4562 1
4565 1
4569 1
4573 1
4575 1
4576 1
4578 1
4579 1
4580 3
4581 2
4582 3
4586 1
4587 2
4588 3
4589 2
4592 1
4593 1
4594 1
4597 3
4598 1
4599 2
4600 1
4601 1
4602 2
4603 1
4605 1
4606 1
4607 2
4610 2
4611 3
4612 2
4613 2
4614 3
4615 2
4616 2
4617 2
4618 2
4619 2
4620 1
4621 1
4622 5
4624 2
4625 1
4626 2
4628 3
4629 1
4630 1
4631 4
4632 2
4633 2
4634 2
4635 3
4636 1
4637 4
4638 4
4639 1
4641 5
4642 3
4644 1
4645 3
4646 4
4647 2
4649 2
4650 5
4651 2
4652 3
4653 2
4654 2
4655 1
4656 1
4657 2
4658 3
4659 4
4660 1
4661 5
4662 2
4663 6
4664 2
4666 2
4667 2
4668 5
4669 3
4670 3
4671 3
4672 2
4674 6
4675 4
4676 4
4677 1
4678 2
4679 3
4682 1
4684 3
4685 1
4686 4
4687 2
4688 1
4689 3
4690 2
4692 3
4693 3
4695 7
4696 2
4697 1
4698 4
4700 2
4701 2
4702 2
4703 3
4704 3
4706 3
4707 2
4708 1
4709 4
4711 1
4712 1
4713 1
4714 3
4717 1
4718 3
4719 3
4720 1
4721 2
4727 1
4901 1
4905 1
4941 1
5076 1
5112 1
5169 1
5171 1
5180 1
5185 1
5245 1
5262 1
5270 1
5345 1
5347 1
5349 1
5483 1
5484 1
5489 1
5494 1
5562 1
5567 1
5575 1
5608 1
5619 1
5710 1
5947 1
5964 1
6096 1
6128 1
7160 1
7175 1
7361 1
8305 1
8587 1
8867 1
9003 1
9023 1
9034 1
9190 1
9208 1
9320 1
9460 1
9607 1
10001 6
